The max sum:    48.32

The coordinates elements from max matrix M*M: (line, column)

     (347,129)     (347,130)     (347,131)     (347,132)     (347,133)     (347,134)     (347,135)     (347,136)     (347,137)     (347,138)
     (348,129)     (348,130)     (348,131)     (348,132)     (348,133)     (348,134)     (348,135)     (348,136)     (348,137)     (348,138)
     (349,129)     (349,130)     (349,131)     (349,132)     (349,133)     (349,134)     (349,135)     (349,136)     (349,137)     (349,138)
     (350,129)     (350,130)     (350,131)     (350,132)     (350,133)     (350,134)     (350,135)     (350,136)     (350,137)     (350,138)
     (351,129)     (351,130)     (351,131)     (351,132)     (351,133)     (351,134)     (351,135)     (351,136)     (351,137)     (351,138)
     (352,129)     (352,130)     (352,131)     (352,132)     (352,133)     (352,134)     (352,135)     (352,136)     (352,137)     (352,138)
     (353,129)     (353,130)     (353,131)     (353,132)     (353,133)     (353,134)     (353,135)     (353,136)     (353,137)     (353,138)
     (354,129)     (354,130)     (354,131)     (354,132)     (354,133)     (354,134)     (354,135)     (354,136)     (354,137)     (354,138)
     (355,129)     (355,130)     (355,131)     (355,132)     (355,133)     (355,134)     (355,135)     (355,136)     (355,137)     (355,138)
     (356,129)     (356,130)     (356,131)     (356,132)     (356,133)     (356,134)     (356,135)     (356,136)     (356,137)     (356,138)



The max matrix M*M:

 0.601984	 0.215903	 0.244814	 0.414627	 0.694805	 0.738461	 0.814657	 0.629906	-0.115522	-0.083801	


-0.138844	 0.249904	 0.712406	 0.255891	 0.740003	 0.317759	 0.120731	 0.554583	 0.236203	 0.086636	


 0.517467	  0.41775	   0.6633	 0.223181	 0.780486	 0.264311	 0.611731	 0.784224	 0.688625	 0.879085	


 0.638022	-0.035896	 0.502334	  0.16041	 0.582622	 0.856072	 0.192691	 0.856224	 0.341251	 0.330032	


 0.762099	 0.069816	 0.772246	 0.662611	 0.168168	 0.082124	 0.206659	 0.284279	 0.498409	 0.464149	


 0.125222	  0.80398	  0.42197	 0.896326	 0.478285	 0.276729	 0.657795	 0.513797	 0.928677	 0.140962	


  0.75298	 0.469099	 0.897293	 0.953548	  0.43747	  0.55211	 0.038514	 0.066438	 0.556096	  0.60704	


 0.829406	 0.119755	 0.709668	 0.769735	 0.324502	 0.311368	 0.916165	 0.405884	-0.010835	 0.534193	


 0.247801	 0.536414	 0.640284	 0.137815	 0.856178	  0.62276	 0.935288	 0.554856	 0.794103	 0.825336	


 0.748927	 0.435493	 0.234595	 0.848724	 0.889821	 0.736287	  0.39277	-0.004153	 0.917929	-0.031033	


